label: "Stihl"
id: 412eab8e4058621f7036b5e765dfe812
cameras:
- camera:
    label: cam0
    id: 54812562fa109c40fe90b29a59dd7798
    line-delay-nanoseconds: 0
    image_height: 800
    image_width: 848
    type: pinhole
    intrinsics:
      cols: 1
      rows: 4
      data: [280.4362476646957, 279.5757903173993, 434.5911290024899, 395.3741210501516]
    distortion:
      type: equidistant 
      parameters:
        cols: 1
        rows: 4
        data: [-0.011532772136434897, 0.0501515488043061, -0.05041450901368907, 0.012741893876582578]
  T_B_C:
    cols: 4
    rows: 4
    data: [-0.0023248 , -0.03687035,  0.99931735 , 0.39625852,
           -0.99999419, -0.00240487, -0.0024151  ,-0.0611419 ,
            0.00249228, -0.99931716, -0.03686454 , 0.00348678,
            0.,          0.,          0.,          1.        ]
- camera:
    label: cam1
    id: 54812562fa109c40fe90b29a59dd7723
    line-delay-nanoseconds: 0
    image_height: 800
    image_width: 848
    type: pinhole

    intrinsics:
      cols: 1
      rows: 4
      data: [280.311263999059, 279.5434630904508, 431.35302371548494, 388.5071222043099]
    distortion:
      type: equidistant  
      parameters:
        cols: 1
        rows: 4
        data: [-0.011950967309164085, 0.0530642563172375, -0.049469178559530994, 0.011573768486635416]
  T_B_C:
    cols: 4
    rows: 4
    data: [-0.00719255, -0.03955177,  0.99919164,  0.39672263,
           -0.99992738, -0.00937789, -0.00756905, -0.1246146 ,
            0.00966968, -0.99917351, -0.03948145,  0.00446942,
            0.        ,  0.        ,  0.,          1.        ]

imu_params:
  delay_imu_cam: 0.010321917424799893
  max_imu_delta_t: 0.01
  acc_max: 176.0
  omega_max: 17
  sigma_omega_c: 0.0010803000133061877
  sigma_acc_c: 0.022943696261362133
  sigma_omega_bias_c: 2.094774838616867e-05
  sigma_acc_bias_c: 0.003183408958479904
  sigma_integration: 0.0
  g: 9.8082
  imu_rate: 65

imu_initialization:
  velocity: [0.0, 0, 0.0]
  omega_bias: [0.0, 0, 0.0]
  acc_bias: [0.0, 0.0, 0.0]
  velocity_sigma: 2.0
  omega_bias_sigma: 0.01
  acc_bias_sigma: 0.1

