label: "Stihl"
id: 412eab8e4058621f7036b5e765dfe812
cameras:
- camera:
    label: cam0
    id: 54812562fa109c40fe90b29a59dd7798
    line-delay-nanoseconds: 0
    image_height: 800
    image_width: 848
    type: pinhole
    intrinsics:
      cols: 1
      rows: 4
      data: [280.4362476646957, 279.5757903173993, 434.5911290024899, 395.3741210501516]
    distortion:
      type: equidistant 
      parameters:
        cols: 1
        rows: 4
        data: [-0.011532772136434897, 0.0501515488043061, -0.05041450901368907, 0.012741893876582578]
  T_B_C:
    cols: 4
    rows: 4
    data: [-0.99997902,  0.00112864, -0.00637861,  0.00846284,
           -0.00125944, -0.99978826,  0.02053873,  0.00361661,
           -0.00635408,  0.02054633,  0.99976871,  0.001462  ,
            0.        ,  0.        ,  0.        ,  1.        ]

imu_params:
  delay_imu_cam: 0.010501625380016148
  max_imu_delta_t: 0.01
  acc_max: 176.0
  omega_max: 17
  sigma_omega_c: 0.003235643391462107
  sigma_acc_c: 0.017406273886926244
  sigma_omega_bias_c: 7.056778665898092e-05
  sigma_acc_bias_c: 0.012393508837042726
  sigma_integration: 0.0
  g: 9.8082
  imu_rate: 265

imu_initialization:
  velocity: [0.0, 0, 0.0]
  omega_bias: [0.0, 0, 0.0]
  acc_bias: [0.0, 0.0, 0.0]
  velocity_sigma: 2.0
  omega_bias_sigma: 0.01
  acc_bias_sigma: 0.1

