label: "Stihl"
id: 412eab8e4058621f7036b5e765dfe812
cameras:
- camera:
    label: cam0
    id: 54812562fa109c40fe90b29a59dd7798
    line-delay-nanoseconds: 0
    image_height: 800
    image_width: 848
    type: pinhole
    intrinsics:
      cols: 1
      rows: 4
      data: [280.4362476646957, 279.5757903173993, 434.5911290024899, 395.3741210501516]
    distortion:
      type: equidistant 
      parameters:
        cols: 1
        rows: 4
        data: [-0.011532772136434897, 0.0501515488043061, -0.05041450901368907, 0.012741893876582578]
  T_B_C:
    cols: 4
    rows: 4
    data: [-0.99997902,  0.00112864, -0.00637861,  0.00846284,
           -0.00125944, -0.99978826,  0.02053873,  0.00361661,
           -0.00635408,  0.02054633,  0.99976871,  0.001462  ,
            0.        ,  0.        ,  0.        ,  1.        ]
    # data: [-0.9999790195296183, -0.0012594392809634862, -0.006354078476344758, 0.008476502835657655,
    #        0.0011286433084974046, -0.9997882648566203, 0.02054632860813456, 0.0035762499334610494,
    #        -0.006378609947956183, 0.02053872604834172, 0.999768710286257, -0.0014819593587566723,
    #        0.0, 0.0, 0.0, 1.0]
- camera:
    label: cam1
    id: 54812562fa109c40fe90b29a59dd7723
    line-delay-nanoseconds: 0
    image_height: 800
    image_width: 848
    type: pinhole

    intrinsics:
      cols: 1
      rows: 4
      data: [280.311263999059, 279.5434630904508, 431.35302371548494, 388.5071222043099]
    distortion:
      type: equidistant  
      parameters:
        cols: 1
        rows: 4
        data: [-0.011950967309164085, 0.0530642563172375, -0.049469178559530994, 0.011573768486635416]
  T_B_C:
    cols: 4
    rows: 4
    data:   [ 9.99962393e-01,  6.97956886e-03,  5.14768978e-03,  6.34737023e-02,
             -6.99318649e-03,  9.99972083e-01,  2.63214909e-03, -8.46439790e-04,
             -5.12917480e-03, -2.66804886e-03,  9.99983286e-01,  5.80860462e-04,
              0.00000000e+00,  0.00000000e+00,  0.00000000e+00,  1.00000000e+00]
    # data: [0.9999623927470926, -0.006993186493286595, -0.005129174804764724, -0.0634742552400177,
    #        0.00697956885915097, 0.9999720831772309, -0.002668048861633343, 0.0004049468479554859,
    #        0.005147689777763354, 0.0026321490949045585, 0.9999832864008741, -0.0009053657267858989,
    #        0.0, 0.0, 0.0, 1.0]

imu_params:
  delay_imu_cam: 0.010501625380016148
  max_imu_delta_t: 0.01
  acc_max: 176.0
  omega_max: 17
  sigma_omega_c: 0.003235643391462107
  sigma_acc_c: 0.017406273886926244
  sigma_omega_bias_c: 7.056778665898092e-05
  sigma_acc_bias_c: 0.012393508837042726
  sigma_integration: 0.0
  g: 9.8082
  imu_rate: 265

imu_initialization:
  velocity: [0.0, 0, 0.0]
  omega_bias: [0.0, 0, 0.0]
  acc_bias: [0.0, 0.0, 0.0]
  velocity_sigma: 2.0
  omega_bias_sigma: 0.01
  acc_bias_sigma: 0.1

